"令和３年３月分（４月納付分）からの健康保険・厚生年金保険の保険料額表",,,,,,,,,,
,,,,,,,,,,
,"・健康保険料率：令和3年3月分～　適用　　 　・厚生年金保険料率：平成29年9月分～　適用",,,,,,,,,
,"・介護保険料率：令和3年3月分～　適用 　　  ・子ども・子育て拠出金率：令和2年4月分～　適用",,,,,,,,,
,,,,,,,,,,
"（山梨県）",,,,,,,,,,"（単位：円）"
"標  準  報  酬",,"報  酬  月  額",,,"全国健康保険協会管掌健康保険料",,,,"厚生年金保険料（厚生年金基金加入員を除く）",
,,,,,"介護保険第２号被保険者
に該当しない場合",,"介護保険第２号被保険者
に該当する場合",,"一般、坑内員・船員",
"等級","月  額",,,,0.09789999999999999,,0.11589999999999999,,0.183,
,,,,,"全  額","折半額","全  額","折半額","全  額","折半額"
,,"円以上",,"円未満",,,,,,
1,58000,,"～",63000,5678.199999999999,2839.0999999999995,6722.2,3361.1,,
2,68000,63000,"～",73000,6657.199999999999,3328.5999999999995,7881.199999999999,3940.5999999999995,,
3,78000,73000,"～",83000,7636.199999999999,3818.0999999999995,9040.199999999999,4520.099999999999,,
"4（1）",88000,83000,"～",93000,8615.199999999999,4307.599999999999,10199.199999999999,5099.599999999999,16104,8052
"5（2）",98000,93000,"～",101000,9594.199999999999,4797.099999999999,11358.199999999999,5679.099999999999,17934,8967
"6（3）",104000,101000,"～",107000,10181.599999999999,5090.799999999999,12053.599999999999,6026.799999999999,19032,9516
"7（4）",110000,107000,"～",114000,10768.999999999998,5384.499999999999,12748.999999999998,6374.499999999999,20130,10065
"8（5）",118000,114000,"～",122000,11552.199999999999,5776.099999999999,13676.199999999999,6838.099999999999,21594,10797
"9（6）",126000,122000,"～",130000,12335.399999999998,6167.699999999999,14603.399999999998,7301.699999999999,23058,11529
"10（7）",134000,130000,"～",138000,13118.599999999999,6559.299999999999,15530.599999999999,7765.299999999999,24522,12261
"11（8）",142000,138000,"～",146000,13901.799999999997,6950.899999999999,16457.8,8228.9,25986,12993
"12（9）",150000,146000,"～",155000,14684.999999999998,7342.499999999999,17385,8692.5,27450,13725
"13（10）",160000,155000,"～",165000,15663.999999999998,7831.999999999999,18544,9272,29280,14640
"14（11）",170000,165000,"～",175000,16642.999999999996,8321.499999999998,19702.999999999996,9851.499999999998,31110,15555
"15（12）",180000,175000,"～",185000,17621.999999999996,8810.999999999998,20861.999999999996,10430.999999999998,32940,16470
"16（13）",190000,185000,"～",195000,18600.999999999996,9300.499999999998,22020.999999999996,11010.499999999998,34770,17385
"17（14）",200000,195000,"～",210000,19579.999999999996,9789.999999999998,23179.999999999996,11589.999999999998,36600,18300
"18（15）",220000,210000,"～",230000,21537.999999999996,10768.999999999998,25497.999999999996,12748.999999999998,40260,20130
"19（16）",240000,230000,"～",250000,23495.999999999996,11747.999999999998,27815.999999999996,13907.999999999998,43920,21960
"20（17）",260000,250000,"～",270000,25453.999999999996,12726.999999999998,30133.999999999996,15066.999999999998,47580,23790
"21（18）",280000,270000,"～",290000,27411.999999999996,13705.999999999998,32451.999999999996,16225.999999999998,51240,25620
"22（19）",300000,290000,"～",310000,29369.999999999996,14684.999999999998,34770,17385,54900,27450
"23（20）",320000,310000,"～",330000,31327.999999999996,15663.999999999998,37088,18544,58560,29280
"24（21）",340000,330000,"～",350000,33285.99999999999,16642.999999999996,39405.99999999999,19702.999999999996,62220,31110
"25（22）",360000,350000,"～",370000,35243.99999999999,17621.999999999996,41723.99999999999,20861.999999999996,65880,32940
"26（23）",380000,370000,"～",395000,37201.99999999999,18600.999999999996,44041.99999999999,22020.999999999996,69540,34770
"27（24）",410000,395000,"～",425000,40138.99999999999,20069.499999999996,47518.99999999999,23759.499999999996,75030,37515
"28（25）",440000,425000,"～",455000,43075.99999999999,21537.999999999996,50995.99999999999,25497.999999999996,80520,40260
"29（26）",470000,455000,"～",485000,46012.99999999999,23006.499999999996,54472.99999999999,27236.499999999996,86010,43005
"30（27）",500000,485000,"～",515000,48949.99999999999,24474.999999999996,57949.99999999999,28974.999999999996,91500,45750
"31（28）",530000,515000,"～",545000,51886.99999999999,25943.499999999996,61426.99999999999,30713.499999999996,96990,48495
"32（29）",560000,545000,"～",575000,54823.99999999999,27411.999999999996,64903.99999999999,32451.999999999996,102480,51240
"33（30）",590000,575000,"～",605000,57760.99999999999,28880.499999999996,68381,34190.5,107970,53985
"34（31）",620000,605000,"～",635000,60697.99999999999,30348.999999999996,71858,35929,113460,56730
"35（32）",650000,635000,"～",665000,63634.99999999999,31817.499999999996,75335,37667.5,118950,59475
36,680000,665000,"～",695000,66571.99999999999,33285.99999999999,78811.99999999999,39405.99999999999,,
37,710000,695000,"～",730000,69508.99999999999,34754.49999999999,82288.99999999999,41144.49999999999,"※厚生年金基金に加入している方の",
38,750000,730000,"～",770000,73424.99999999999,36712.49999999999,86924.99999999999,43462.49999999999,"　 厚生年金保険料率は、基金ごとに",
39,790000,770000,"～",810000,77340.99999999999,38670.49999999999,91560.99999999999,45780.49999999999,"　 定められている免除保険料率",
40,830000,810000,"～",855000,81256.99999999999,40628.49999999999,96196.99999999999,48098.49999999999,"   （2.4％～5.0％）を控除した率となり",
41,880000,855000,"～",905000,86151.99999999999,43075.99999999999,101991.99999999999,50995.99999999999,"   ます。",
42,930000,905000,"～",955000,91046.99999999999,45523.49999999999,107786.99999999999,53893.49999999999,,
43,980000,955000,"～",1005000,95941.99999999999,47970.99999999999,113581.99999999999,56790.99999999999,"　 加入する基金ごとに異なりますの",
44,1030000,1005000,"～",1055000,100836.99999999999,50418.49999999999,119376.99999999999,59688.49999999999,"　 で、免除保険料率および厚生年金",
45,1090000,1055000,"～",1115000,106710.99999999999,53355.49999999999,126330.99999999999,63165.49999999999,"　 基金の掛金については、加入する",
46,1150000,1115000,"～",1175000,112584.99999999999,56292.49999999999,133285,66642.5,"　 厚生年金基金にお問い合わせ",
47,1210000,1175000,"～",1235000,118458.99999999999,59229.49999999999,140239,70119.5,"　 ください。",
48,1270000,1235000,"～",1295000,124332.99999999999,62166.49999999999,147193,73596.5,,
49,1330000,1295000,"～",1355000,130206.99999999999,65103.49999999999,154147,77073.5,,
50,1390000,1355000,"～",,136080.99999999997,68040.49999999999,161100.99999999997,80550.49999999999,,
,,,,,,,,,,
"◆介護保険第２号被保険者は、40歳から64歳までの方であり、健康保険料率（9.79%）に介護保険料率（1.80%）が加わります。",,,,,,,,,,
"◆等級欄の（　）内の数字は、厚生年金保険の標準報酬月額等級です。",,,,,,,,,,
"　4（1）等級の「報酬月額」欄は、厚生年金保険の場合「93,000円未満」と読み替えてください。",,,,,,,,,,
"　35（32）等級の「報酬月額」欄は、厚生年金保険の場合「635,000円以上」と読み替えてください。",,,,,,,,,,
"◆令和３年度における全国健康保険協会の任意継続被保険者について、標準報酬月額の上限は、300,000円です。",,,,,,,,,,
,,,,,,,,,,
,,,,,,,,,,
"  ○被保険者負担分（表の折半額の欄）に円未満の端数がある場合",,,,,,,,,,
"　  ①事業主が、給与から被保険者負担分を控除する場合、被保険者負担分の端数が50銭以下の場合は切り捨て、50銭を超える場合は切り上げて1円となります。",,,,,,,,,,
"　  ②被保険者が、被保険者負担分を事業主へ現金で支払う場合、被保険者負担分の端数が50銭未満の場合は切り捨て、50銭以上の場合は切り上げて1円となります。",,,,,,,,,,
"　  （注）①、②にかかわらず、事業主と被保険者間で特約がある場合には、特約に基づき端数処理をすることができます。",,,,,,,,,,
,,,,,,,,,,
"  ○納入告知書の保険料額",,,,,,,,,,
"  　納入告知書の保険料額は、被保険者個々の保険料額を合算した金額になります。ただし、合算した金額に円未満の端数がある場合は、その端数を切り捨てた額となります。",,,,,,,,,,
,,,,,,,,,,
"  ○賞与にかかる保険料額",,,,,,,,,,
"  　賞与に係る保険料額は、賞与額から1,000円未満の端数を切り捨てた額（標準賞与額)に、保険料率を乗じた額となります。",,,,,,,,,,
"  　また、標準賞与額の上限は、健康保険は年間573万円（毎年4月1日から翌年3月31日までの累計額。）となり、厚生年金保険と子ども・子育て拠出金の場合は",,,,,,,,,,
"　　月間150万円となります。　",,,,,,,,,,
,,,,,,,,,,
"　○子ども・子育て拠出金",,,,,,,,,,
"　　事業主の方は、児童手当の支給に要する費用等の一部として、子ども・子育て拠出金を負担いただくことになります。（被保険者の負担はありません。）",,,,,,,,,,
"　　この子ども・子育て拠出金の額は、被保険者個々の厚生年金保険の標準報酬月額および標準賞与額に、拠出金率（0.36％）を乗じて得た額の総額となります。",,,,,,,,,,
